run                           A             95% CI   A/human          CI(ratio)
h4_qwen25_7b             0.0658 [ 0.0564, 0.0747]     0.135 [  0.117,  0.152]
h4_qwen25_32b            0.1139 [ 0.1051, 0.1222]     0.233 [  0.213,  0.253]
h4_qwen25_72b            0.1802 [ 0.1676, 0.1925]     0.369 [  0.343,  0.396]
h4_mistral_24b           0.1032 [ 0.0954, 0.1105]     0.211 [  0.196,  0.227]
h4_qwq_32b               0.0568 [ 0.0514, 0.0620]     0.116 [  0.105,  0.128]
h4_qwen35_9b             0.0864 [ 0.0792, 0.0936]     0.177 [  0.164,  0.191]
h4_glm47_flash           0.1037 [ 0.0936, 0.1138]     0.212 [  0.192,  0.232]

[exited with code 0]
